7.686877100798607634e-05,3.023975240527014899e-02,3.556063192766787274e-03,1.452997743922183655e-04,1.072819237709470193e-02
9.360234497548727958e-05,3.740421649951480160e-02,2.096617953832394525e-04,9.387178048858048612e-05,9.946777174328902404e-03
1.546844530133436191e-04,1.345875350718267818e-02,1.407231175753775626e-04,1.541640965407946285e-04,1.061533140855771586e-02
2.326038100613357271e-04,1.568734102987287549e-02,1.679171084479324225e-04,2.132994657617262168e-04,1.108392134872852354e-02
2.382392309061073386e-04,1.410800791939827159e-02,1.573387357411003718e-04,2.168005211971858444e-04,1.297149385157063926e-02
5.038183884620198822e-04,1.315432191803132984e-02,1.852661107087644600e-04,4.818505299732956933e-04,1.288940500456640763e-02
3.975207120279726091e-04,1.289766639522028219e-02,2.599706569596841829e-04,4.515553706243936112e-04,1.356952246534010205e-02
4.214767189038626564e-04,1.327957747693509112e-02,2.696449901883707866e-04,4.040175289010525164e-04,1.297545084658312774e-02
6.552297461629886122e-04,1.176064622780911666e-02,3.256635088634528014e-04,6.292582136254494139e-04,1.055378488969539903e-02
6.622259516578099655e-04,1.257233624363199125e-02,3.960894323318955661e-04,6.957301866607124756e-04,8.549850636095679066e-03
7.263972798261641300e-04,1.154455574780658550e-02,4.308150119363637095e-04,7.279512105803038558e-04,7.377890966898069218e-03
6.818930835919824419e-04,1.059038811851040207e-02,4.251911775643974324e-04,7.806592230506516870e-04,8.438118992835547810e-03
6.758298207650018314e-04,1.440497538440150584e-02,5.212573828569107932e-04,7.518700690853415830e-04,6.617256090269487377e-03
6.696293513375683407e-04,6.417134277123011377e-02,6.233393257760345019e-04,7.541454885990365661e-04,6.348416335412776501e-03
8.818545629301503602e-04,1.005508946354567446e-01,7.290927877360410883e-04,8.432223034849187530e-04,7.393294520257120278e-03
6.920340575106515230e-04,5.389371445493978258e-02,7.938233798152255277e-04,7.932277628616370060e-04,6.201284994345501386e-03
8.896199641467627747e-04,1.158142327027238128e-02,8.898486739988703282e-04,8.170592581193024872e-04,6.368155424757746680e-03
7.212609852538786346e-04,5.626357132136396676e-03,9.802981383468937267e-04,8.752150378617664988e-04,5.752815965907347694e-03
8.933606888885599643e-04,4.864591398825285871e-03,1.117999014266935235e-03,8.927131200666017915e-04,5.813199717931435452e-03
8.419853210129161830e-04,5.113032595791169865e-03,1.060742398261451313e-03,9.076084366554195738e-04,5.672883715116813080e-03
