5.986880903374554828e-03,7.850228442756417013e-02,4.447404696774416577e-02,5.972421131494841384e-03,2.771715227210856947e-01
5.946073751388154457e-03,3.008359033099227142e-01,3.701138321910903139e-02,5.944920195103517782e-03,2.613070382997026986e-01
5.686424124618168034e-03,2.646719335097474923e-01,3.724499248774559845e-02,5.684964498964503211e-03,2.414097640971486214e-01
5.445080312942440770e-03,2.985298002355863400e-01,3.766581041757191550e-02,5.431936081240714732e-03,2.208513775508832155e-01
5.396530330386360708e-03,2.831723200914454952e-01,3.784707793208149512e-02,5.381633921975183948e-03,2.057394827240367208e-01
5.840261359755299572e-03,2.733455560602662815e-01,3.811881778658707254e-02,5.856814793098539217e-03,2.025557981599259705e-01
5.981391544836570789e-03,2.642805308187995417e-01,3.841650695268127025e-02,5.964038916686426918e-03,2.042019393763472024e-01
5.847842713222264031e-03,2.640068023740798075e-01,3.878141464978848707e-02,5.857454594607002310e-03,2.067829232734987310e-01
6.083025230559576356e-03,2.589796801991735564e-01,3.914808594833614486e-02,6.062152252354692170e-03,2.024262920657376730e-01
6.569046847526003631e-03,2.600503477552766340e-01,3.958974325045593740e-02,6.641459681420472730e-03,1.924439023027212647e-01
7.235705215243716341e-03,2.531016148589780856e-01,4.020471644844199333e-02,7.314637048844083861e-03,1.830604813583397994e-01
8.026907805405320354e-03,2.511591628945905597e-01,4.084142856043275482e-02,8.044112353681947408e-03,1.741352495644647724e-01
8.938145923986749730e-03,2.511007989508559635e-01,4.159789738290703420e-02,8.949847567583378224e-03,1.700872557945063979e-01
9.832435787558648985e-03,2.713575233556062005e-01,4.243616478919313983e-02,9.764477918941394038e-03,1.659850126870889842e-01
1.083238801462379358e-02,3.350402302003838706e-01,4.327219859505782723e-02,1.080011491229737781e-02,1.628170814639206543e-01
1.191120254773616813e-02,4.314692684457916982e-01,4.432112273757425613e-02,1.193152367436045753e-02,1.606635737618549442e-01
1.297837269063898888e-02,4.430216935266281797e-01,4.563785820411065536e-02,1.293750261429200965e-02,1.578559460604965770e-01
1.416829061348610225e-02,4.396785473900782781e-01,4.671642825748580086e-02,1.430912580269455732e-02,1.552153301201660562e-01
1.523765713625521018e-02,4.344197356471440896e-01,4.784290151308837058e-02,1.531869266825783109e-02,1.536916346421086099e-01
1.646216082358575514e-02,4.293790096364088482e-01,4.908377707526045269e-02,1.637008023814903040e-02,1.529674636748825367e-01
