6.925716567101884713e-03,2.558377311870025372e-01,4.051646263675859339e-02,6.973379874409020053e-03,2.012990929021153674e-01
6.652935620928956267e-03,2.590088153636764812e-01,4.023612480452668644e-02,6.667833273125384035e-03,2.054582949937039382e-01
6.533869691279992759e-03,2.551811582488098806e-01,4.003420398291532289e-02,6.546569057116385752e-03,2.048256572134210252e-01
6.516439974424227677e-03,2.591634969355976481e-01,3.992794109057787311e-02,6.544219581914370414e-03,2.036000948279892975e-01
6.750767310462106943e-03,2.551251823258959828e-01,3.981463081195005249e-02,6.639053300640259878e-03,2.011612985617294569e-01
6.545780712050850748e-03,2.547461326313245067e-01,3.981422868827233508e-02,6.616958018901620761e-03,1.971374873729751509e-01
6.590488467921820463e-03,2.576530729917598794e-01,3.978797250251105838e-02,6.625881104636241643e-03,2.002270256355806743e-01
6.619665714345675765e-03,2.581076241883075717e-01,3.957552181059872942e-02,6.735384336351573839e-03,1.951684310937157885e-01
6.665405828176197006e-03,2.567066541741970798e-01,3.967813691275583199e-02,6.772016089096733957e-03,1.929895012076516536e-01
6.761678952655087761e-03,2.563756063252286554e-01,3.957415700139996217e-02,6.865215533080048019e-03,1.927564009905464448e-01
6.586770232363358193e-03,2.552123763273126400e-01,3.956025067343577756e-02,6.628143017854978315e-03,1.882705452933476631e-01
6.598485781514579034e-03,2.557961835734909872e-01,3.951294861542162251e-02,6.593360638236550782e-03,1.868340698291099389e-01
6.630215510101281594e-03,2.593283583836237804e-01,3.955640374530274006e-02,6.669148893688399936e-03,1.867727345335949696e-01
6.619299964911509564e-03,2.582787067631057698e-01,3.950764633804451642e-02,6.614855982611752595e-03,1.842434710401966713e-01
6.695409864042843606e-03,2.555085320313543740e-01,3.947846339987901715e-02,6.742536228415077146e-03,1.841750593348775722e-01
6.619636277768708998e-03,2.602562110235185355e-01,3.940776303363061756e-02,6.683616655938560275e-03,1.807769079282548486e-01
6.648034299094659344e-03,2.605368106514055482e-01,3.944200797394851327e-02,6.594494612022094686e-03,1.799806894273174585e-01
6.725408342749666750e-03,2.574782063949239697e-01,3.951032363084236443e-02,6.779911843522442444e-03,1.789067118254267230e-01
6.552668342574213996e-03,2.576542005830429471e-01,3.939115287872121951e-02,6.553436064681778320e-03,1.787307606654075787e-01
6.549878162219594825e-03,2.603999890191927014e-01,3.935840164372589323e-02,6.586705785721314391e-03,1.761884252058885936e-01
6.682809475222328127e-03,2.560071052974259853e-01,3.936510848816673902e-02,6.711182970157564091e-03,1.740191703894213293e-01
