5.077283312691601488e-04,1.198337410133976794e-02,4.698341037045025335e-04,4.619185460048497497e-04,9.617903516765589217e-03
5.034006122807203583e-04,1.142681011222746248e-02,4.618705604036867475e-04,4.943755566932697383e-04,9.822124604888498450e-03
5.692095716208963327e-04,1.029824053211349927e-02,4.243718167752763668e-04,5.772434282384436913e-04,9.812897164803905878e-03
5.798797786120579072e-04,1.208518487803522494e-02,3.863406801975583166e-04,5.726124409525615864e-04,9.559023501091364408e-03
6.293891283580601301e-04,9.866451393272974990e-03,4.076960964335699859e-04,6.190717985155332189e-04,8.892340437253497612e-03
6.270001660141433578e-04,1.177177353634006537e-02,4.093328291638697702e-04,6.499437347964083381e-04,8.778563359348430864e-03
6.188431519475078501e-04,1.110866771634651945e-02,3.601091810850027370e-04,6.641971582347628005e-04,9.460909059550069722e-03
6.133391856829482555e-04,1.243621159821232426e-02,3.621347457452378732e-04,5.634307661364913429e-04,1.014763205907854259e-02
6.898604494102992700e-04,1.282509099722295778e-02,3.516333850263719091e-04,6.210115324204096071e-04,9.264629775753619248e-03
6.262040472866361920e-04,1.028927231703543124e-02,4.010129695188866840e-04,6.691253898516082588e-04,8.771896173980282818e-03
6.953573550553403433e-04,1.138021605363888182e-02,3.831951024718189191e-04,6.984972125054162220e-04,8.624334916579124224e-03
8.021717192073973737e-04,1.178716544313754278e-02,3.553234470969265923e-04,7.406386579358825934e-04,9.523148138291350970e-03
6.807506739670445397e-04,1.080206763404284280e-02,3.500568681412746450e-04,6.297844693776218257e-04,1.054594099942673252e-02
7.487258113415600153e-04,1.328957793465291443e-02,3.273867971512410525e-04,6.827058443962913089e-04,9.188106039033284989e-03
6.807520555883792403e-04,1.175636352822307523e-02,3.602707499719829450e-04,7.468448191861109609e-04,9.978637537647022659e-03
6.936253683791205162e-04,1.012336056718017921e-02,3.382414921067221554e-04,6.677077636715010589e-04,1.042710164488520018e-02
7.011080537032607883e-04,1.164628254388579143e-02,4.104779500737311339e-04,7.127307635855397025e-04,9.599931060835053057e-03
7.482651471230497651e-04,1.132957702825880542e-02,3.110907824082629930e-04,7.262079959419442390e-04,9.313925332309638816e-03
7.027351672527140788e-04,1.142588149146126462e-02,3.432822324377202594e-04,7.252891531959600960e-04,9.134227595382727466e-03
7.446941120617501337e-04,1.048834577460327003e-02,3.681459019153731217e-04,7.381325346717808756e-04,9.767083238215843941e-03
8.089203636037756422e-04,1.287585626263788689e-02,3.657728921116496835e-04,7.145688034330340303e-04,8.979562750727886067e-03
