6.924919919708066515e-03,2.549901425012733314e-01,4.053514516958528491e-02,6.923438649964464703e-03,2.017479975712758444e-01
6.634884347484765535e-03,2.578094671782591440e-01,4.019170793555741639e-02,6.666500338039117214e-03,2.069938057115140728e-01
6.570972677706479054e-03,2.552113713721470001e-01,4.002429530777769362e-02,6.565999419106520636e-03,2.048696311009287063e-01
6.519976962879668603e-03,2.568045514286234621e-01,3.988863697444254564e-02,6.517006541626259135e-03,2.024408341649842902e-01
6.650845892686592896e-03,2.545053334810891132e-01,3.981525918664002156e-02,6.644420725064024286e-03,2.013508577158739099e-01
6.632478304204953573e-03,2.559041111715493755e-01,3.979118765730103174e-02,6.640331949956568454e-03,1.972536301213860810e-01
6.617296734869493324e-03,2.561103203045265730e-01,3.976771630951094622e-02,6.699341658192986375e-03,1.990811293139099769e-01
6.623368421569434013e-03,2.571726358823409608e-01,3.961273842111683041e-02,6.700863234525837597e-03,1.944114912242438376e-01
6.568381277624229901e-03,2.568581502012797779e-01,3.966984827888086346e-02,6.674226083060673907e-03,1.929876569073300518e-01
6.762034870830180636e-03,2.573084997031083732e-01,3.964144500196793014e-02,6.775735590556533107e-03,1.916479128016867484e-01
6.703502373879779638e-03,2.564554825598299170e-01,3.960234958643467362e-02,6.649464351405829678e-03,1.891026393898024016e-01
6.580111443013185631e-03,2.573178629027295106e-01,3.953683219980830971e-02,6.629473793043636279e-03,1.872733586066891442e-01
6.633699075138142949e-03,2.579171190546884485e-01,3.955614955962490076e-02,6.669027114799278705e-03,1.865955164920599096e-01
6.571343415320483189e-03,2.580488024976702599e-01,3.949795888740254696e-02,6.568917061808501531e-03,1.840658516679946344e-01
6.711561747867134976e-03,2.587843402971230500e-01,3.945138611624044583e-02,6.729604509816888500e-03,1.834647104374167170e-01
6.609863670472229495e-03,2.587527955356186404e-01,3.946291376116586175e-02,6.599485340864015386e-03,1.808845146001314408e-01
6.723470152004013163e-03,2.580579999101688116e-01,3.942775287408724350e-02,6.645903697299943361e-03,1.792094585396357409e-01
6.766740671034023741e-03,2.569714331233529103e-01,3.947023294350249234e-02,6.767342270980355318e-03,1.794839408686463023e-01
6.575764000027866166e-03,2.577637962747608702e-01,3.938080650375795633e-02,6.602641371003050569e-03,1.788393887056814180e-01
6.650507631481348061e-03,2.593547680445494330e-01,3.938332114591455713e-02,6.611896027508696629e-03,1.769297250119833687e-01
6.604333087706829204e-03,2.554657456650520353e-01,3.936235269994715208e-02,6.668538232828214070e-03,1.739661197417469995e-01
