5.324615821105676714e-04,1.132745650415218838e-02,4.558880983290827197e-04,5.022114244341890953e-04,8.903818363208798950e-03
4.699963924153189123e-04,1.058587779083111635e-02,5.627686707219163240e-04,4.507608401810417375e-04,9.586949590523256154e-03
5.819147641816514423e-04,1.031637184521496872e-02,4.919804022543620243e-04,5.765638604314181608e-04,9.375472549532276600e-03
6.282667305179793788e-04,1.201426997322746493e-02,3.378222502382251529e-04,6.356253226388150924e-04,9.208407848488442751e-03
6.585884993694545234e-04,8.949290365962194946e-03,4.097353486680575807e-04,6.396021823323096980e-04,9.924096064535134487e-03
6.637843116033471285e-04,1.234309372583219412e-02,4.014057141749861001e-04,7.306810749330411693e-04,1.048239242120495643e-02
6.047202685971638219e-04,1.034729375207411872e-02,4.163127944596445090e-04,6.558268460697299880e-04,1.023100610256711882e-02
5.533501909905827031e-04,1.404303503795553514e-02,3.563206076849748539e-04,6.163546099642464851e-04,1.104588784756692192e-02
6.602183669146443517e-04,1.322367986967189386e-02,3.568974848987577653e-04,6.400706370749564443e-04,9.758357650852587592e-03
6.205503449379887486e-04,1.004512198316436476e-02,3.676862393949896068e-04,6.666399348972946830e-04,8.067645753366383191e-03
6.623151702122257335e-04,1.021793669958784290e-02,3.820621517168230940e-04,6.816915303061218262e-04,9.259764700623757117e-03
7.800154991039830827e-04,1.224546647140406508e-02,3.656781069177412937e-04,7.245859275241459509e-04,9.026297525977899222e-03
6.609058673721688150e-04,1.012961718595864480e-02,3.902369551135556505e-04,6.192724555549846072e-04,1.044119695189790059e-02
7.253845824287803680e-04,1.257920137526108775e-02,3.134231499942160062e-04,6.423204386519576828e-04,9.630171431763753093e-03
6.948076110353574881e-04,9.640781369170294338e-03,3.958488598982856828e-04,7.191739346592611543e-04,1.116719535212764430e-02
7.603908193017334472e-04,9.452324191262682571e-03,3.698402482730253171e-04,7.066499993757080055e-04,1.058552875924797555e-02
6.918362016523177090e-04,1.077492787598495136e-02,4.752612984603279468e-04,7.247699022812591468e-04,8.043766315509168208e-03
7.861860082187671628e-04,1.165940699666500810e-02,3.416179307483348010e-04,7.029358262154697563e-04,9.373603129047525587e-03
5.940164411074000091e-04,1.088032909910154750e-02,3.547388033689214673e-04,7.463585491783544020e-04,9.899005281726040717e-03
7.484039644881000869e-04,1.100030069130792688e-02,3.552532310516112019e-04,6.740355677783404229e-04,9.869373287236457570e-03
7.410449577696888099e-04,1.228008854183932838e-02,3.714730850330011337e-04,7.130348586251765777e-04,8.975309594401459368e-03
